phi	theta	svalue
5	5	100
5	10	100
5	15	100
5	20	100
5	25	100
5	30	100
5	35	100
5	40	100
5	45	100
5	50	100
5	55	100
5	60	100
5	65	100
5	70	100
5	75	100
5	80	100
5	85	100
5	90	100
5	95	100
5	100	100
5	105	100
5	110	100
5	115	100
5	120	100
5	125	100
5	130	100
5	135	100
5	140	100
5	145	100
5	150	100
5	155	100
5	160	100
5	165	100
5	170	100
5	175	100
5	180	100
10	5	100
10	10	100
10	15	100
10	20	100
10	25	100
10	30	100
10	35	100
10	40	100
10	45	100
10	50	100
10	55	100
10	60	100
10	65	100
10	70	100
10	75	100
10	80	100
10	85	-0.56196831372549
10	90	-0.443557202614379
10	95	-0.388945333333333
10	100	-0.4114
10	105	100
10	110	100
10	115	100
10	120	100
10	125	100
10	130	100
10	135	100
10	140	100
10	145	100
10	150	100
10	155	100
10	160	100
10	165	100
10	170	100
10	175	100
10	180	100
15	5	100
15	10	100
15	15	100
15	20	100
15	25	100
15	30	100
15	35	100
15	40	100
15	45	100
15	50	100
15	55	100
15	60	100
15	65	100
15	70	100
15	75	100
15	80	-0.471542980392157
15	85	-0.307933612870789
15	90	-0.194055835093012
15	95	-0.360157299145299
15	100	-0.4114
15	105	-0.347121481481481
15	110	100
15	115	100
15	120	100
15	125	100
15	130	100
15	135	100
15	140	100
15	145	100
15	150	100
15	155	100
15	160	100
15	165	100
15	170	100
15	175	100
15	180	100
20	5	100
20	10	100
20	15	100
20	20	100
20	25	100
20	30	100
20	35	100
20	40	100
20	45	100
20	50	100
20	55	100
20	60	100
20	65	100
20	70	100
20	75	-0.523922222222222
20	80	-0.0417176470588236
20	85	0.309013942684766
20	90	0.383925053795877
20	95	0.0675506373626374
20	100	-0.170814285714286
20	105	-0.333395767195767
20	110	-0.149916203703704
20	115	100
20	120	100
20	125	100
20	130	100
20	135	100
20	140	100
20	145	100
20	150	100
20	155	100
20	160	100
20	165	100
20	170	100
20	175	100
20	180	100
25	5	100
25	10	100
25	15	100
25	20	100
25	25	100
25	30	100
25	35	100
25	40	100
25	45	100
25	50	100
25	55	100
25	60	100
25	65	100
25	70	-0.631686111111111
25	75	-0.311215
25	80	0.362518333333333
25	85	0.859559145299145
25	90	0.92724358974359
25	95	0.606462637362637
25	100	0.216985714285714
25	105	-0.15725873015873
25	110	-0.303001388888889
25	115	-0.0754601190476191
25	120	100
25	125	100
25	130	100
25	135	100
25	140	100
25	145	100
25	150	100
25	155	100
25	160	100
25	165	100
25	170	100
25	175	100
25	180	100
30	5	100
30	10	100
30	15	100
30	20	100
30	25	100
30	30	100
30	35	100
30	40	100
30	45	100
30	50	100
30	55	100
30	60	100
30	65	-0.374075
30	70	-0.520797222222222
30	75	-0.164348333333333
30	80	0.433812777777778
30	85	1.01575444444444
30	90	1.19712777777778
30	95	1.05604126984127
30	100	0.586479047619048
30	105	0.0708623809523809
30	110	-0.21924
30	115	-0.191469841269841
30	120	-0.152401071428571
30	125	100
30	130	100
30	135	100
30	140	100
30	145	100
30	150	100
30	155	100
30	160	100
30	165	100
30	170	100
30	175	100
30	180	100
35	5	100
35	10	100
35	15	100
35	20	100
35	25	100
35	30	100
35	35	100
35	40	100
35	45	100
35	50	100
35	55	100
35	60	100
35	65	-0.280175
35	70	-0.410316666666667
35	75	-0.168626111111111
35	80	0.204957222222222
35	85	0.562321111111111
35	90	0.854961111111111
35	95	0.935394444444444
35	100	0.677976666666667
35	105	0.263237777777778
35	110	-0.0491011111111111
35	115	-0.124738888888889
35	120	-0.149725555555556
35	125	100
35	130	100
35	135	100
35	140	100
35	145	100
35	150	100
35	155	100
35	160	100
35	165	100
35	170	100
35	175	100
35	180	100
40	5	100
40	10	100
40	15	100
40	20	100
40	25	100
40	30	100
40	35	100
40	40	100
40	45	100
40	50	100
40	55	100
40	60	-0.1369
40	65	-0.2549
40	70	-0.268966666666667
40	75	-0.161033333333333
40	80	-0.0120277777777778
40	85	0.139116666666667
40	90	0.456238888888889
40	95	0.64425
40	100	0.667976666666667
40	105	0.451948888888889
40	110	0.239032222222222
40	115	0.0686722222222222
40	120	-0.0761969135802469
40	125	-0.237976913580247
40	130	100
40	135	100
40	140	100
40	145	100
40	150	100
40	155	100
40	160	100
40	165	100
40	170	100
40	175	100
40	180	100
45	5	100
45	10	100
45	15	100
45	20	100
45	25	100
45	30	100
45	35	100
45	40	100
45	45	100
45	50	100
45	55	100
45	60	-0.153191666666667
45	65	-0.228302777777778
45	70	-0.181369444444444
45	75	-0.0927277777777778
45	80	-0.0876
45	85	-0.0876
45	90	0.00494444444444443
45	95	0.307961111111111
45	100	0.548138888888889
45	105	0.654494444444444
45	110	0.443055555555556
45	115	0.242666666666667
45	120	0.0169197530864198
45	125	-0.11806024691358
45	130	100
45	135	100
45	140	100
45	145	100
45	150	100
45	155	100
45	160	100
45	165	100
45	170	100
45	175	100
45	180	100
50	5	100
50	10	100
50	15	100
50	20	100
50	25	100
50	30	100
50	35	100
50	40	100
50	45	100
50	50	100
50	55	-0.103483333333333
50	60	-0.214682407407407
50	65	-0.269549074074074
50	70	-0.169321296296296
50	75	-0.0986981481481481
50	80	-0.0602037037037037
50	85	-0.0529333333333333
50	90	-0.165275
50	95	0.1718
50	100	0.465711111111111
50	105	0.839322222222222
50	110	0.690722222222222
50	115	0.443055555555556
50	120	0.170030864197531
50	125	-0.0626869135802469
50	130	-0.327251944444444
50	135	100
50	140	100
50	145	100
50	150	100
50	155	100
50	160	100
50	165	100
50	170	100
50	175	100
50	180	100
55	5	100
55	10	100
55	15	100
55	20	100
55	25	100
55	30	100
55	35	100
55	40	100
55	45	100
55	50	100
55	55	-0.120548148148148
55	60	-0.232812037037037
55	65	-0.236934259259259
55	70	-0.164110185185185
55	75	-0.123160416666667
55	80	0.101720833333333
55	85	0.0519333333333333
55	90	-0.1468
55	95	-0.0334761904761905
55	100	0.405445833333333
55	105	0.820262962962963
55	110	0.814555555555556
55	115	0.637650793650794
55	120	0.354706349206349
55	125	0.0638278306878307
55	130	-0.350311851851852
55	135	100
55	140	100
55	145	100
55	150	100
55	155	100
55	160	100
55	165	100
55	170	100
55	175	100
55	180	100
60	5	100
60	10	100
60	15	100
60	20	100
60	25	100
60	30	100
60	35	100
60	40	100
60	45	100
60	50	-0.049603125
60	55	-0.16464537037037
60	60	-0.295286111111111
60	65	-0.09365
60	70	0.104596296296296
60	75	0.363913333333333
60	80	0.583025833333333
60	85	0.437381904761905
60	90	0.2026
60	95	0.0154523809523809
60	100	0.422258333333333
60	105	0.737707407407407
60	110	0.8806
60	115	0.786250793650794
60	120	0.621139682539683
60	125	0.299494497354497
60	130	-0.230565185185185
60	135	-0.637282261904762
60	140	100
60	145	100
60	150	100
60	155	100
60	160	100
60	165	100
60	170	100
60	175	100
60	180	100
65	5	100
65	10	100
65	15	100
65	20	100
65	25	100
65	30	100
65	35	100
65	40	100
65	45	100
65	50	-0.0945805555555556
65	55	-0.276699074074074
65	60	-0.414050925925926
65	65	-0.0462370370370371
65	70	0.352848148148148
65	75	0.8807425
65	80	1.0623175
65	85	0.7991925
65	90	0.541
65	95	0.140333333333333
65	100	0.345120833333333
65	105	0.556085185185185
65	110	0.781533333333333
65	115	0.852295238095238
65	120	0.786250793650794
65	125	0.515065608465608
65	130	-0.0746320370370371
65	135	-0.624273306878307
65	140	100
65	145	100
65	150	100
65	155	100
65	160	100
65	165	100
65	170	100
65	175	100
65	180	100
70	5	100
70	10	100
70	15	100
70	20	100
70	25	100
70	30	100
70	35	100
70	40	100
70	45	0.00688571428571429
70	50	-0.117540625
70	55	-0.366078125
70	60	-0.515176851851852
70	65	-0.0441740740740741
70	70	0.575448148148148
70	75	1.21460444444444
70	80	1.24709333333333
70	85	1.07638222222222
70	90	0.718844444444444
70	95	0.3658375
70	100	0.2251
70	105	0.39765
70	110	0.616422222222222
70	115	0.781533333333333
70	120	0.8806
70	125	0.632933333333333
70	130	0.161905
70	135	-0.518302936507937
70	140	-0.875828303571429
70	145	100
70	150	100
70	155	100
70	160	100
70	165	100
70	170	100
70	175	100
70	180	100
75	5	100
75	10	100
75	15	100
75	20	100
75	25	100
75	30	100
75	35	100
75	40	100
75	45	-0.104075
75	50	-0.2993125
75	55	-0.5897125
75	60	-0.620825925925926
75	65	-0.231359259259259
75	70	0.326018518518518
75	75	0.9803
75	80	1.14274444444444
75	85	1.20441555555556
75	90	0.820315555555556
75	95	0.4799925
75	100	0.13115
75	105	0.2119
75	110	0.451311111111111
75	115	0.677462222222222
75	120	0.859084444444445
75	125	0.632056666666667
75	130	0.314363888888889
75	135	-0.336086111111111
75	140	-0.748113888888889
75	145	100
75	150	100
75	155	100
75	160	100
75	165	100
75	170	100
75	175	100
75	180	100
80	5	100
80	10	100
80	15	100
80	20	100
80	25	100
80	30	100
80	35	100
80	40	100
80	45	-0.2013
80	50	-0.502771428571429
80	55	-0.713125
80	60	-0.603546560846561
80	65	-0.276324338624339
80	70	0.151097883597884
80	75	0.720388888888889
80	80	1.01278888888889
80	85	1.24709333333333
80	90	0.862993333333333
80	95	0.52693
80	100	0.130075
80	105	0.136525
80	110	0.277688888888889
80	115	0.396262222222222
80	120	0.57221037037037
80	125	0.45276037037037
80	130	0.334187037037037
80	135	-0.12447619047619
80	140	-0.584515079365079
80	145	100
80	150	100
80	155	100
80	160	100
80	165	100
80	170	100
80	175	100
80	180	100
85	5	100
85	10	100
85	15	100
85	20	100
85	25	100
85	30	100
85	35	100
85	40	0.0896714285714286
85	45	-0.307571428571429
85	50	-0.6961
85	55	-0.749637777777778
85	60	-0.532439894179894
85	65	-0.234973227513228
85	70	0.0232156613756614
85	75	0.365317777777778
85	80	0.627151111111111
85	85	0.862993333333333
85	90	0.606926666666667
85	95	0.354682222222222
85	100	0.117444444444444
85	105	0.0981555555555556
85	110	0.132577777777778
85	115	0.156084444444444
85	120	0.249477037037037
85	125	0.212582592592593
85	130	0.201587037037037
85	135	-0.00303174603174604
85	140	-0.438048412698413
85	145	-0.877448412698413
85	150	100
85	155	100
85	160	100
85	165	100
85	170	100
85	175	100
85	180	100
90	5	100
90	10	100
90	15	100
90	20	100
90	25	100
90	30	100
90	35	100
90	40	-0.164351904761905
90	45	-0.535111904761905
90	50	-0.79122619047619
90	55	-0.650482222222222
90	60	-0.367180634920635
90	65	-0.0697139682539683
90	70	0.0907610317460317
90	75	0.238726111111111
90	80	0.372526111111111
90	85	0.5045
90	90	0.376466666666667
90	95	0.236477777777778
90	100	0.0766444444444444
90	105	0.0323333333333333
90	110	-0.0250444444444444
90	115	-0.0625777777777778
90	120	-0.0517407407407407
90	125	-0.0267185185185185
90	130	0.0483481481481482
90	135	0.0516017857142857
90	140	-0.295339880952381
90	145	-0.789664880952381
90	150	100
90	155	100
90	160	100
90	165	100
90	170	100
90	175	100
90	180	100
95	5	100
95	10	100
95	15	100
95	20	100
95	25	100
95	30	100
95	35	-0.0896725
95	40	-0.305540416666667
95	45	-0.569867916666667
95	50	-0.717667916666667
95	55	-0.501748888888889
95	60	-0.204282222222222
95	65	0.0443755555555556
95	70	0.107617222222222
95	75	0.113383888888889
95	80	0.118381666666667
95	85	0.1204
95	90	0.1204
95	95	0.0936222222222222
95	100	0.0368
95	105	-0.0325333333333333
95	110	-0.0750888888888889
95	115	-0.0876
95	120	-0.0876
95	125	-0.0876
95	130	-0.0375555555555556
95	135	0.01385625
95	140	-0.168310416666667
95	145	-0.634485416666667
95	150	-0.828669047619048
95	155	100
95	160	100
95	165	100
95	170	100
95	175	100
95	180	100
100	5	100
100	10	100
100	15	100
100	20	100
100	25	100
100	30	100
100	35	-0.255613125
100	40	-0.506794259259259
100	45	-0.671249259259259
100	50	-0.717667916666667
100	55	-0.398875
100	60	-0.064225
100	65	0.105791111111111
100	70	0.111077222222222
100	75	0.116843888888889
100	80	0.119919444444444
100	85	0.173691666666667
100	90	0.173691666666667
100	95	0.122847222222222
100	100	0.000222222222222221
100	105	-0.0691111111111111
100	110	-0.0876
100	115	-0.0876
100	120	-0.0876
100	125	-0.0876
100	130	-0.0625777777777778
100	135	-0.03071875
100	140	-0.0645354166666667
100	145	-0.477835416666667
100	150	-0.699585416666667
100	155	100
100	160	100
100	165	100
100	170	100
100	175	100
100	180	100
105	5	100
105	10	100
105	15	100
105	20	100
105	25	100
105	30	100
105	35	-0.251958928571429
105	40	-0.463311825396825
105	45	-0.617773333333333
105	50	-0.694054375
105	55	-0.400784375
105	60	-0.0740802083333333
105	65	0.0748392592592593
105	70	0.101794814814815
105	75	0.108984938271605
105	80	0.116029012345679
105	85	0.240376234567901
105	90	0.317071296296296
105	95	0.255713888888889
105	100	0.0620333333333333
105	105	-0.0783555555555556
105	110	-0.0876
105	115	-0.0876
105	120	-0.0876
105	125	-0.0876
105	130	-0.080537037037037
105	135	-0.0509229166666667
105	140	-0.0274729166666667
105	145	-0.27221875
105	150	-0.570261111111111
105	155	100
105	160	100
105	165	100
105	170	100
105	175	100
105	180	100
110	5	100
110	10	100
110	15	100
110	20	100
110	25	100
110	30	-0.178015151515152
110	35	-0.256300946969697
110	40	-0.45065462962963
110	45	-0.544001851851852
110	50	-0.591946875
110	55	-0.304971875
110	60	-0.0898177083333333
110	65	0.0174518518518519
110	70	0.0529074074074074
110	75	0.0685975308641975
110	80	0.0744882716049383
110	85	0.188413271604938
110	90	0.261412301587302
110	95	0.214820634920635
110	100	0.0442511904761905
110	105	-0.0797527777777778
110	110	-0.0876
110	115	-0.0876
110	120	-0.0876
110	125	-0.0876
110	130	-0.0699425925925926
110	135	-0.0321729166666667
110	140	-0.00165041666666667
110	145	-0.109965
110	150	-0.503424444444444
110	155	-0.6987125
110	160	100
110	165	100
110	170	100
110	175	100
110	180	100
115	5	100
115	10	100
115	15	100
115	20	100
115	25	100
115	30	-0.165339675602176
115	35	-0.0237676746093413
115	40	0.00911358024691357
115	45	-0.0338018518518519
115	50	-0.228830555555556
115	55	-0.224041666666667
115	60	-0.131949074074074
115	65	-0.0200798941798942
115	70	0.122071216931217
115	75	0.269005784832452
115	80	0.291328271604938
115	85	0.243343827160494
115	90	0.192592857142857
115	95	0.138571451914099
115	100	0.0444047852474323
115	105	-0.0659047385620915
115	110	-0.0876
115	115	-0.0876
115	120	-0.0876
115	125	-0.0849944444444444
115	130	-0.0461481481481481
115	135	0.00670833333333333
115	140	0.0226683333333333
115	145	0.01414125
115	150	-0.370907777777778
115	155	-0.6094
115	160	100
115	165	100
115	170	100
115	175	100
115	180	100
120	5	100
120	10	100
120	15	100
120	20	100
120	25	100
120	30	-0.203595538697414
120	35	0.136308595231929
120	40	0.273059294532628
120	45	0.318692592592593
120	50	0.00500555555555555
120	55	-0.0876
120	60	-0.055275
120	65	0.112796957671958
120	70	0.365003624338624
120	75	0.60943417989418
120	80	0.573190925925926
120	85	0.320984259259259
120	90	0.0935604497354497
120	95	0.00558387021475257
120	100	0.0190362511671335
120	105	0.0167878384687208
120	110	0.0200190476190476
120	115	0.100733333333333
120	120	0.088512962962963
120	125	0.0440351851851852
120	130	-0.00792592592592592
120	135	0.0100111111111111
120	140	0.0241977777777778
120	145	0.0132588888888889
120	150	-0.344534444444444
120	155	-0.72566
120	160	100
120	165	100
120	170	100
120	175	100
120	180	100
125	5	100
125	10	100
125	15	100
125	20	100
125	25	-0.271668664148352
125	30	-0.298846184710351
125	35	-0.0398378513770181
125	40	0.203145802469136
125	45	0.226155555555556
125	50	0.0443833333333333
125	55	0.0414111111111111
125	60	0.211341666666667
125	65	0.458548809523809
125	70	0.739333253968254
125	75	0.981141587301587
125	80	0.859043947368421
125	85	0.504349699002408
125	90	0.15092192122463
125	95	0.0214601774042951
125	100	0.0184223622782446
125	105	0.113600140056022
125	110	0.212119047619048
125	115	0.383233333333333
125	120	0.322402083333333
125	125	0.178152083333333
125	130	0.0135645833333333
125	135	0.00949444444444444
125	140	0.00705555555555556
125	145	-0.00371111111111111
125	150	-0.284804444444444
125	155	-0.645234074074074
125	160	-0.979202916666667
125	165	100
125	170	100
125	175	100
125	180	100
130	5	100
130	10	100
130	15	100
130	20	100
130	25	-0.415684325396825
130	30	-0.511500185185185
130	35	-0.42574462962963
130	40	-0.260862685185185
130	45	-0.0973587301587302
130	50	0.000317765567765548
130	55	0.22798315018315
130	60	0.426384781576448
130	65	0.714080508072175
130	70	0.86881975308642
130	75	0.787282407407407
130	80	0.447469688109162
130	85	0.103407106409815
130	90	-0.0851329902085421
130	95	-0.0303718330736234
130	100	0.0536091348691093
130	105	0.289199231487467
130	110	0.42001746031746
130	115	0.669086111111111
130	120	0.627427380952381
130	125	0.382777380952381
130	130	0.055452380952381
130	135	0.0200666666666667
130	140	-0.00413888888888889
130	145	-0.00413888888888889
130	150	-0.175565555555556
130	155	-0.520972037037037
130	160	-0.833840555555556
130	165	100
130	170	100
130	175	100
130	180	100
135	5	100
135	10	100
135	15	100
135	20	100
135	25	-0.639996783309283
135	30	-0.815887457912458
135	35	-0.847375
135	40	-0.515620833333333
135	45	-0.222967989417989
135	50	0.120475172975173
135	55	0.332579446479446
135	60	0.587526448243115
135	65	0.763788841405508
135	70	0.711756975308642
135	75	0.329189074074074
135	80	-0.0788375341130604
135	85	-0.344151226923518
135	90	-0.411067455229118
135	95	-0.160223009324146
135	100	0.0867022443328723
135	105	0.364718472638473
135	110	0.410828412698413
135	115	0.588330555555556
135	120	0.677625
135	125	0.631825
135	130	0.287257142857143
135	135	0.127644444444444
135	140	-0.00413888888888889
135	145	-0.00413888888888889
135	150	-0.0700722222222222
135	155	-0.379008333333333
135	160	-0.67240462962963
135	165	100
135	170	100
135	175	100
135	180	100
140	5	100
140	10	100
140	15	100
140	20	-0.472099431818182
140	25	-0.773821717171717
140	30	-1.04063736531987
140	35	-0.827091838624339
140	40	-0.375895542328042
140	45	0.0587031265031265
140	50	0.238770518588166
140	55	0.26400565628997
140	60	0.318288684989665
140	65	0.339361927825261
140	70	0.192292443718228
140	75	-0.235218050108932
140	80	-0.590371383442266
140	85	-0.778787037037037
140	90	-0.656094479812922
140	95	-0.204309181777624
140	100	0.24833960129116
140	105	0.453713710733711
140	110	0.329995079365079
140	115	0.377549074074074
140	120	0.571805208333333
140	125	0.746967708333333
140	130	0.580025
140	135	0.336555555555556
140	140	0.132555555555556
140	145	0.05
140	150	0.0374857142857143
140	155	-0.205388544973545
140	160	-0.485155211640212
140	165	-0.747796041666667
140	170	100
140	175	100
140	180	100
145	5	100
145	10	100
145	15	100
145	20	-0.467085050505051
145	25	-0.801585050505051
145	30	-1.09180700817701
145	35	-0.71042037037037
145	40	-0.206501851851852
145	45	0.169645824915825
145	50	0.202651165718813
145	55	0.0653539253411802
145	60	-0.00701586782861295
145	65	-0.152843907044299
145	70	-0.291974958940841
145	75	-0.533839773755656
145	80	-0.676121413967296
145	85	-0.726443862433862
145	90	-0.558559780019961
145	95	-0.15295044861063
145	100	0.243911773611593
145	105	0.309927691197691
145	110	0.122096666666667
145	115	0.127555555555556
145	120	0.450288888888889
145	125	0.773022222222222
145	130	0.783444444444444
145	135	0.521177777777778
145	140	0.258911111111111
145	145	0.0938
145	150	0.0754457142857143
145	155	-0.0755239153439154
145	160	-0.363470828924162
145	165	-0.639483209876543
145	170	100
145	175	100
145	180	100
150	5	100
150	10	100
150	15	100
150	20	-0.538847654320988
150	25	-0.821458692810458
150	30	-0.972833366531798
150	35	-0.514895213573645
150	40	-0.130348141133558
150	45	0.161655613506863
150	50	0.124017519966417
150	55	-0.0639913275540727
150	60	-0.321762260325005
150	65	-0.569581208631601
150	70	-0.621550253058488
150	75	-0.655764640522876
150	80	-0.651725365701836
150	85	-0.655109417325388
150	90	-0.442785595486952
150	95	-0.0193456639587854
150	100	0.249712344426959
150	105	0.259293650793651
150	110	0.0236666666666667
150	115	0.033425
150	120	0.3965
150	125	0.759575
150	130	0.8806
150	135	0.632933333333333
150	140	0.385266666666667
150	145	0.1376
150	150	0.102564232804233
150	155	0.0248480423280423
150	160	-0.27325442680776
150	165	-0.54718532627866
150	170	100
150	175	100
150	180	100
155	5	100
155	10	100
155	15	-0.150674861111111
155	20	-0.411190987654321
155	25	-0.66894091503268
155	30	-0.751019641041602
155	35	-0.403759641041602
155	40	-0.0899607167496628
155	45	0.131105445156695
155	50	0.104735157666408
155	55	-0.0971941836812425
155	60	-0.338214952912012
155	65	-0.544259665421724
155	70	-0.555071832579186
155	75	-0.526675232389252
155	80	-0.510572867899596
155	85	-0.537850205322317
155	90	-0.267741341853102
155	95	0.0957524047683532
155	100	0.235482130325815
155	105	0.119427777777778
155	110	-0.0876
155	115	-0.0472583333333333
155	120	0.315816666666667
155	125	0.678891666666667
155	130	0.8806
155	135	0.632933333333333
155	140	0.385266666666667
155	145	0.0432467592592592
155	150	-0.0114642647058824
155	155	-0.07066296230458
155	160	-0.214604873626471
155	165	-0.468860516327996
155	170	-0.718628485395965
155	175	100
155	180	100
160	5	100
160	10	100
160	15	-0.085625873015873
160	20	-0.257739206349206
160	25	-0.537765676937442
160	30	-0.564233331517792
160	35	-0.268813331517792
160	40	-0.0504630183369644
160	45	0.130001754680505
160	50	0.0612817236004736
160	55	-0.0476264576164576
160	60	-0.172808073408073
160	65	-0.296696375661376
160	70	-0.325204738562092
160	75	-0.326312925234492
160	80	-0.329968467858299
160	85	-0.380934380779595
160	90	-0.170351788649105
160	95	0.104227642863591
160	100	0.202302923976608
160	105	0.0841888888888889
160	110	-0.0876
160	115	-0.0876
160	120	0.275475
160	125	0.63855
160	130	0.8806
160	135	0.69485
160	140	0.3054625
160	145	-0.17792349877451
160	150	-0.242676225490196
160	155	-0.21384158975556
160	160	-0.198580051549492
160	165	-0.379384309818456
160	170	-0.618730056664203
160	175	100
160	180	100
165	5	100
165	10	100
165	15	0.0848362257495591
165	20	-0.0624159964726632
165	25	-0.407310595238095
165	30	-0.510901568627451
165	35	-0.397851809497692
165	40	-0.338039772460655
165	45	-0.140960068912569
165	50	-0.10406224969475
165	55	0.0141169932246403
165	60	-0.0545879251098433
165	65	-0.124951244198162
165	70	-0.196621745287487
165	75	-0.173464005465379
165	80	-0.183019722381126
165	85	-0.206421940642167
165	90	-0.0446898414948707
165	95	0.0763949494949495
165	100	0.115455555555556
165	105	-0.0129666666666667
165	110	-0.0876
165	115	-0.0517407407407407
165	120	0.235103703703704
165	125	0.414281481481482
165	130	0.701155555555556
165	135	0.464725
165	140	0.128553676470588
165	145	-0.465594822303922
165	150	-0.47020258714597
165	155	-0.347995028909
165	160	-0.160755712925153
165	165	-0.243085312324722
165	170	-0.479551694091104
165	175	100
165	180	100
170	5	100
170	10	0.462188888888889
170	15	0.131331040564374
170	20	-0.144109832451499
170	25	-0.393295091442374
170	30	-0.474830407605877
170	35	-0.509468765359234
170	40	-0.634248222978909
170	45	-0.453783541736042
170	50	-0.26384998048248
170	55	-0.0131174715698245
170	60	-0.0803026776027208
170	65	-0.129206310919295
170	70	-0.186414801426609
170	75	-0.136988766851415
170	80	-0.109332344677607
170	85	-0.0619885600526464
170	90	-0.0144762139917695
170	95	-0.00422222222222222
170	100	-0.0354888888888889
170	105	-0.0667555555555556
170	110	-0.0876
170	115	-0.0697296296296296
170	120	0.10227037037037
170	125	0.137892592592593
170	130	0.2992
170	135	0.0731
170	140	-0.212333823529412
170	145	-0.649597426470588
170	150	-0.627729034690799
170	155	-0.413497214945357
170	160	-0.203996234553201
170	165	-0.153390590111643
170	170	-0.33887329687856
170	175	-0.54570745898838
170	180	100
175	5	100
175	10	0.335616666666667
175	15	-0.083862962962963
175	20	-0.414370502645503
175	25	-0.326834773982057
175	30	-0.246485129828099
175	35	-0.338622073440042
175	40	-0.671997364393051
175	45	-0.605248595848596
175	50	-0.335921844035594
175	55	-0.0796870203081232
175	60	-0.213275048210508
175	65	-0.252028841783493
175	70	-0.271047517475992
175	75	-0.124078424433526
175	80	-0.0678857882679483
175	85	-0.0165938554948391
175	90	0.00411555555555556
175	95	-0.0146444444444444
175	100	-0.0459111111111111
175	105	-0.0771777777777778
175	110	-0.0876
175	115	-0.10210962962963
175	120	-0.0736651851851852
175	125	-0.181598518518518
175	130	-0.131466666666667
175	135	-0.233044444444444
175	140	-0.259352287581699
175	145	-0.515274509803922
175	150	-0.583565962795375
175	155	-0.484661127176917
175	160	-0.264361127176917
175	165	-0.156037978279031
175	170	-0.304480208855472
175	175	-0.538380208855472
175	180	100
180	5	100
180	10	0.00754259259259257
180	15	-0.406901851851852
180	20	-0.484725048100048
180	25	-0.069765708325491
180	30	0.239279229946114
180	35	0.182354951446835
180	40	-0.326021728395062
180	45	-0.568937301587302
180	50	-0.595862743506494
180	55	-0.466522255291005
180	60	-0.516578433641975
180	65	-0.444308523511256
180	70	-0.336715216632949
180	75	-0.133084699657641
180	80	-0.0488483597883598
180	85	0.00272592592592593
180	90	0.000988888888888889
180	95	-0.0302777777777778
180	100	-0.0615444444444444
180	105	-0.0876
180	110	-0.0876
180	115	-0.163952839506173
180	120	-0.243175061728395
180	125	-0.351108395061728
180	130	-0.365288888888889
180	135	-0.3128
180	140	-0.257455555555556
180	145	-0.275451851851852
180	150	-0.27149886039886
180	155	-0.283360598076388
180	160	-0.210808746224536
180	165	-0.280787769423559
180	170	-0.400115714285714
180	175	-0.598037936507936
180	180	100
185	5	100
185	10	-0.262542777777778
185	15	-0.506832222222222
185	20	-0.299990101010101
185	25	0.275616936026936
185	30	0.625832491582492
185	35	0.426565117845118
185	40	-0.219474141414141
185	45	-0.681406998556999
185	50	-0.860832440476191
185	55	-0.806701267636684
185	60	-0.76849112654321
185	65	-0.641203024691358
185	70	-0.445845308641975
185	75	-0.210654259259259
185	80	-0.0599916666666667
185	85	0.00110833333333333
185	90	-0.00943333333333333
185	95	-0.0407
185	100	-0.0719666666666667
185	105	-0.0876
185	110	-0.0876
185	115	-0.178943580246914
185	120	-0.286876913580247
185	125	-0.39481024691358
185	130	-0.357911111111111
185	135	-0.230311111111111
185	140	-0.0911111111111111
185	145	-0.0672486772486773
185	150	-0.0787146494708995
185	155	-0.206544808201058
185	160	-0.247918353174603
185	165	-0.415393564213564
185	170	-0.547161024531025
185	175	-0.709105468975469
185	180	100
190	5	100
190	10	-0.293226111111111
190	15	-0.244171111111111
190	20	0.137937676767677
190	25	0.589072491582492
190	30	0.673623602693603
190	35	0.246337037037037
190	40	-0.424917037037037
190	45	-0.910425925925926
190	50	-1.15161481481481
190	55	-1.10717086419753
190	60	-0.976737530864198
190	65	-0.799822345679012
190	70	-0.572762592592593
190	75	-0.32626537037037
190	80	-0.107580555555556
190	85	-0.0124694444444444
190	90	-0.0146444444444444
190	95	-0.0459111111111111
190	100	-0.0771777777777778
190	105	-0.0876
190	110	-0.0876
190	115	-0.153934027777778
190	120	-0.269576884920635
190	125	-0.391001884920635
190	130	-0.319628571428571
190	135	-0.185568253968254
190	140	-0.046368253968254
190	145	0.0122513227513228
190	150	0.00801868386243387
190	155	-0.124317824074074
190	160	-0.269569146825397
190	165	-0.468500865800866
190	170	-0.579054834054834
190	175	-0.705021500721501
190	180	100
195	5	100
195	10	-0.143504375
195	15	0.0704431746031746
195	20	0.380673174603175
195	25	0.723030211640212
195	30	0.509665767195767
195	35	-0.046886455026455
195	40	-0.64385164021164
195	45	-0.952859259259259
195	50	-1.03826203703704
195	55	-1.00831067901235
195	60	-0.915144012345679
195	65	-0.81165049382716
195	70	-0.664592592592593
195	75	-0.41809537037037
195	80	-0.158597222222222
195	85	-0.0124694444444444
195	90	0.0324388888888889
195	95	0.0717972222222222
195	100	0.0405305555555556
195	105	-0.016975
195	110	-0.0876
195	115	-0.130002380952381
195	120	-0.310322789115646
195	125	-0.497251360544218
195	130	-0.43066746031746
195	135	-0.208729365079365
195	140	-0.0320738095238095
195	145	-0.00796666666666667
195	150	-0.192765972222222
195	155	-0.331965972222222
195	160	-0.403578935185185
195	165	-0.400397955747956
195	170	-0.452110654160654
195	175	-0.555047402597403
195	180	100
200	5	100
200	10	100
200	15	0.151367989417989
200	20	0.435856878306878
200	25	0.702662433862434
200	30	0.381189563492064
200	35	-0.135210436507937
200	40	-0.666103029100529
200	45	-0.853481481481482
200	50	-0.907828703703704
200	55	-0.902031666666667
200	60	-0.852342777777778
200	65	-0.797995555555556
200	70	-0.649894444444444
200	75	-0.398305555555556
200	80	-0.133138888888889
200	85	0.0763666666666667
200	90	0.21035
200	95	0.343875
200	100	0.323030555555556
200	105	0.218441666666667
200	110	0.05365
200	115	-0.097875
200	120	-0.386888265306122
200	125	-0.621973979591837
200	130	-0.517556349206349
200	135	-0.157318253968254
200	140	0.137468412698413
200	145	0.16786126984127
200	150	-0.122605396825397
200	155	-0.342480952380952
200	160	-0.37961962962963
200	165	-0.306456642616643
200	170	-0.312821192881193
200	175	100
200	180	100
205	5	100
205	10	100
205	15	0.153605489417989
205	20	0.315366600529101
205	25	0.514122156084656
205	30	0.201610119047619
205	35	-0.187089880952381
205	40	-0.619745436507937
205	45	-0.626604444444444
205	50	-0.569451666666667
205	55	-0.569451666666667
205	60	-0.732147222222222
205	65	-0.683733333333333
205	70	-0.451658888888889
205	75	-0.0637477777777778
205	80	0.218596666666667
205	85	0.438677777777778
205	90	0.525294444444444
205	95	0.630241666666667
205	100	0.600319444444444
205	105	0.500941666666667
205	110	0.33615
205	115	0.143434375
205	120	-0.263309375
205	125	-0.512334375
205	130	-0.407494444444444
205	135	0.0904833333333333
205	140	0.358427142857143
205	145	0.292307301587302
205	150	-0.0848625396825397
205	155	-0.293096472663139
205	160	-0.291966014109347
205	165	-0.197559177890011
205	170	-0.243980165544332
205	175	100
205	180	100
210	5	100
210	10	100
210	15	0.223640246212121
210	20	0.135207996632997
210	25	0.175770767195767
210	30	-0.136349603174603
210	35	-0.309438492063492
210	40	-0.456317222222222
210	45	-0.28258
210	50	-0.0724341666666667
210	55	-0.110725277777778
210	60	-0.402376388888889
210	65	-0.330892063492064
210	70	0.00692126984126984
210	75	0.429187936507937
210	80	0.658213333333333
210	85	0.806911111111111
210	90	0.832155555555556
210	95	0.8379
210	100	0.7794
210	105	0.70693125
210	110	0.5621
210	115	0.238628125
210	120	-0.0376657407407407
210	125	-0.151015740740741
210	130	0.0304814814814815
210	135	0.440277777777778
210	140	0.540621587301587
210	145	0.38104380952381
210	150	0.0296406349206349
210	155	-0.117593298059965
210	160	-0.11873360670194
210	165	-0.0985925824484158
210	170	-0.191577766365579
210	175	100
210	180	100
215	5	100
215	10	100
215	15	100
215	20	0.0828344516594516
215	25	-0.115747222222222
215	30	-0.474879166666667
215	35	-0.260164880952381
215	40	0.0197008333333333
215	45	0.35082
215	50	0.511868055555556
215	55	0.3508325
215	60	-0.0635630555555556
215	65	0.0570190476190476
215	70	0.429187936507937
215	75	0.885810158730159
215	80	1.02644666666667
215	85	1.0914
215	90	0.951791666666667
215	95	0.765647222222222
215	100	0.599002777777778
215	105	0.5248125
215	110	0.48304375
215	115	0.32746875
215	120	0.191011481481481
215	125	0.222794814814815
215	130	0.430228148148148
215	135	0.657053703703704
215	140	0.519571630874572
215	145	0.27824940865235
215	150	0.0441824293353705
215	155	0.028174378707712
215	160	0.0464772446689113
215	165	-0.0287511250169584
215	170	100
215	175	100
215	180	100
220	5	100
220	10	100
220	15	100
220	20	0.0450006553631553
220	25	-0.266243240740741
220	30	-0.642038240740741
220	35	-0.247583214285714
220	40	0.356078055555556
220	45	0.712013333333333
220	50	0.780383611111111
220	55	0.5579040625
220	60	0.163276071428571
220	65	0.43455306122449
220	70	0.795271428571429
220	75	1.07583015873016
220	80	1.1109
220	85	1.02979166666667
220	90	0.821038888888889
220	95	0.56575
220	100	0.405751666666667
220	105	0.3030925
220	110	0.25701125
220	115	0.16183125
220	120	0.23825962962963
220	125	0.41750962962963
220	130	0.626220740740741
220	135	0.65447962962963
220	140	0.4263848583878
220	145	0.214005119825708
220	150	0.109559833630422
220	155	0.109297462015109
220	160	0.156159078884079
220	165	-0.0413321876271876
220	170	100
220	175	100
220	180	100
225	5	100
225	10	100
225	15	100
225	20	0.120930595238095
225	25	-0.222890582010582
225	30	-0.683926137566138
225	35	-0.332948888888889
225	40	0.157068888888889
225	45	0.461233333333333
225	50	0.460913333333333
225	55	0.383017142857143
225	60	0.0775866666666667
225	65	0.542916666666667
225	70	0.823
225	75	1.1109
225	80	1.1109
225	85	0.925712053571429
225	90	0.668760178571429
225	95	0.473948306878307
225	100	0.414553148148148
225	105	0.327337037037037
225	110	0.23662
225	115	0.131082222222222
225	120	0.177394166666667
225	125	0.233706666666667
225	130	0.431807619047619
225	135	0.362303696236559
225	140	0.3085220785895
225	145	0.148206553517464
225	150	0.126070944741533
225	155	0.094811350903998
225	160	0.193924634439634
225	165	0.0218615773809524
225	170	100
225	175	100
225	180	100
230	5	100
230	10	100
230	15	100
230	20	100
230	25	-0.353670740740741
230	30	-0.730145185185185
230	35	-0.500215555555556
230	40	-0.193842222222222
230	45	0.0070222222222222
230	50	0.0346111111111111
230	55	-0.00410000000000001
230	60	0.0200916666666667
230	65	0.611525
230	70	0.88618125
230	75	1.00275555555556
230	80	0.89183125
230	85	0.676615525793651
230	90	0.607935525793651
230	95	0.592709726631393
230	100	0.64625037037037
230	105	0.502703703703704
230	110	0.319081111111111
230	115	0.123465555555556
230	120	0.13402619047619
230	125	-0.00853809523809525
230	130	0.0242283625730994
230	135	0.0157478848330504
230	140	0.153931218166384
230	145	0.121855028462998
230	150	0.131538779956427
230	155	0.122454785247432
230	160	0.132642671957672
230	165	100
230	170	100
230	175	100
230	180	100
235	5	100
235	10	100
235	15	100
235	20	100
235	25	-0.48855125
235	30	-0.7485
235	35	-0.559255555555556
235	40	-0.393666666666667
235	45	-0.232674074074074
235	50	-0.201618518518519
235	55	-0.154320833333333
235	60	0.0622125
235	65	0.51165
235	70	0.736422222222222
235	75	0.786466666666667
235	80	0.611740625
235	85	0.584796775793651
235	90	0.734804275793651
235	95	0.824406948853615
235	100	0.890801481481481
235	105	0.670412592592593
235	110	0.389778888888889
235	115	0.0782859595959596
235	120	-0.0923694805194805
235	125	-0.436576623376623
235	130	-0.554628304093567
235	135	-0.28776961516695
235	140	0.0406530038806694
235	145	0.119088206178529
235	150	0.13416455026455
235	155	0.206469444444444
235	160	0.0818183333333333
235	165	100
235	170	100
235	175	100
235	180	100
240	5	100
240	10	100
240	15	100
240	20	100
240	25	-0.543060714285714
240	30	-0.625430555555556
240	35	-0.440019444444444
240	40	-0.204422222222222
240	45	-0.0222407407407407
240	50	-0.0787444444444445
240	55	-0.118655555555556
240	60	0.0701583333333334
240	65	0.51165
240	70	0.839425
240	75	0.678322222222222
240	80	0.504816666666667
240	85	0.54246975308642
240	90	0.801203086419753
240	95	0.909008641975309
240	100	0.919886419753086
240	105	0.765266419753086
240	110	0.478280056116723
240	115	0.132921694725028
240	120	-0.206315593434343
240	125	-0.517620934343434
240	130	-0.613898728070176
240	135	-0.358529980506823
240	140	-0.0550854302422724
240	145	0.111033439153439
240	150	0.129205073140367
240	155	0.326051633986928
240	160	0.053640522875817
240	165	100
240	170	100
240	175	100
240	180	100
245	5	100
245	10	100
245	15	100
245	20	100
245	25	100
245	30	-0.479658333333333
245	35	-0.452528125
245	40	-0.21625
245	45	0.0951541666666667
245	50	0.0607222222222222
245	55	0.0183444444444444
245	60	0.0429270833333333
245	65	0.367678571428571
245	70	0.715035714285714
245	75	0.62425
245	80	0.483255555555556
245	85	0.466802222222222
245	90	0.651913333333333
245	95	0.790866111111111
245	100	0.866805864197531
245	105	0.881663641975309
245	110	0.691507833894501
245	115	0.355589155042488
245	120	-0.187757511624178
245	125	-0.594895592432259
245	130	-0.75931962962963
245	135	-0.477064074074074
245	140	-0.148499153439153
245	145	0.0745314118629908
245	150	0.123993363310236
245	155	0.290680664897538
245	160	100
245	165	100
245	170	100
245	175	100
245	180	100
250	5	100
250	10	100
250	15	100
250	20	100
250	25	100
250	30	-0.320970833333333
250	35	-0.5430796875
250	40	-0.40371875
250	45	-0.0573625
250	50	0.0872083333333333
250	55	0.0576952380952381
250	60	0.00139333333333333
250	65	0.19024
250	70	0.6315
250	75	0.522557142857143
250	80	0.402351339285714
250	85	0.209236746031746
250	90	0.247103412698413
250	95	0.507332777777778
250	100	0.741472530864198
250	105	0.995205864197531
250	110	0.905894500561167
250	115	0.670854862113195
250	120	-0.0121340267756935
250	125	-0.531072107583774
250	130	-0.859402222222222
250	135	-0.550685982905983
250	140	-0.221711538461538
250	145	0.0424405083220873
250	150	0.130884831564205
250	155	0.231362609341982
250	160	100
250	165	100
250	170	100
250	175	100
250	180	100
255	5	100
255	10	100
255	15	100
255	20	100
255	25	100
255	30	-0.2174128125
255	35	-0.5426628125
255	40	-0.64683625
255	45	-0.4852625
255	50	-0.1643375
255	55	-0.0395333333333333
255	60	-0.10536
255	65	-0.18164
255	70	0.00199999999999999
255	75	0.286271428571429
255	80	0.216148214285714
255	85	0.0296450793650794
255	90	-0.122738253968254
255	95	0.263349444444444
255	100	0.649602777777778
255	105	1.01103055555556
255	110	1.0124
255	115	0.779470238095238
255	120	0.048470238095238
255	125	-0.545855070546737
255	130	-0.843708641975309
255	135	-0.477961291547958
255	140	-0.177321697191697
255	145	0.034774794036373
255	150	0.117236372180451
255	155	0.108412347274436
255	160	100
255	165	100
255	170	100
255	175	100
255	180	100
260	5	100
260	10	100
260	15	100
260	20	100
260	25	100
260	30	100
260	35	-0.441450277777778
260	40	-0.72591
260	45	-0.823377777777778
260	50	-0.61871875
260	55	-0.53833
260	60	-0.5896125
260	65	-0.48414
260	70	-0.370842857142857
260	75	0.0999875
260	80	0.119949350649351
260	85	-0.0110450216450216
260	90	-0.305224314574315
260	95	0.117131818181818
260	100	0.591731818181818
260	105	1.0124
260	110	0.981487179487179
260	115	0.585528846153846
260	120	-0.0848958452041786
260	125	-0.66573952991453
260	130	-0.763108974358974
260	135	-0.452493440510107
260	140	-0.14902264957265
260	145	0.075582905982906
260	150	0.243635119047619
260	155	100
260	160	100
260	165	100
260	170	100
260	175	100
260	180	100
265	5	100
265	10	100
265	15	100
265	20	100
265	25	100
265	30	100
265	35	-0.189508888888889
265	40	-0.628908888888889
265	45	-0.991471111111111
265	50	-0.958414814814815
265	55	-0.833204761904762
265	60	-0.709147619047619
265	65	-0.654085714285714
265	70	-0.5282
265	75	0.0148333333333333
265	80	0.223423232323232
265	85	0.200886195286195
265	90	-0.175848653198653
265	95	0.0060503367003367
265	100	0.454930851998243
265	105	0.840594867149758
265	110	0.689059824414716
265	115	0.177866346153846
265	120	-0.442410351377018
265	125	-0.827598480531814
265	130	-0.810335980531814
265	135	-0.524382982295482
265	140	-0.187501080246914
265	145	0.133645679012346
265	150	0.313307738095238
265	155	100
265	160	100
265	165	100
265	170	100
265	175	100
265	180	100
270	5	100
270	10	100
270	15	100
270	20	100
270	25	100
270	30	100
270	35	-0.0326675
270	40	-0.453148888888889
270	45	-0.892548888888889
270	50	-1.14859259259259
270	55	-1.03656666666667
270	60	-0.874529166666667
270	65	-0.7485
270	70	-0.675066666666667
270	75	-0.313044444444444
270	80	0.00495656565656566
270	85	0.11425946969697
270	90	-0.0965901515151515
270	95	-0.134441287878788
270	100	0.0827327038500951
270	105	0.216428200483092
270	110	0.000793157748049
270	115	-0.373913186009897
270	120	-0.750523216874094
270	125	-0.956702704053581
270	130	-0.84927178300095
270	135	-0.595662303283137
270	140	-0.172503328924162
270	145	0.223765652557319
270	150	0.500790476190476
270	155	100
270	160	100
270	165	100
270	170	100
270	175	100
270	180	100
275	5	100
275	10	100
275	15	100
275	20	100
275	25	100
275	30	100
275	35	100
275	40	-0.25786
275	45	-0.69726
275	50	-1.09936481481481
275	55	-1.07657592592593
275	60	-0.932542592592593
275	65	-0.796511111111111
275	70	-0.7485
275	75	-0.567488888888889
275	80	-0.239611111111111
275	85	-0.0306761904761905
275	90	-0.167295238095238
275	95	-0.536538095238095
275	100	-0.504449114331723
275	105	-0.514571799516908
275	110	-0.494852355072464
275	115	-0.589546846978558
275	120	-0.783065519818064
275	125	-0.975152865497076
275	130	-0.878344907407407
275	135	-0.582774404761905
275	140	-0.264017614638448
275	145	0.0399930335097001
275	150	100
275	155	100
275	160	100
275	165	100
275	170	100
275	175	100
275	180	100
280	5	100
280	10	100
280	15	100
280	20	100
280	25	100
280	30	100
280	35	100
280	40	-0.133101785714286
280	45	-0.54242380952381
280	50	-0.98182380952381
280	55	-1.13258888888889
280	60	-1.01736222222222
280	65	-0.873328888888889
280	70	-0.777306666666667
280	75	-0.7485
280	80	-0.5282
280	85	-0.526985714285714
280	90	-0.540761904761905
280	95	-0.926776190476191
280	100	-0.940448148148148
280	105	-1.07376666666667
280	110	-0.827359444444445
280	115	-0.776360458089669
280	120	-0.776360458089669
280	125	-0.99112169265757
280	130	-0.760553086419753
280	135	-0.563325176366843
280	140	-0.288682275132275
280	145	-0.135827976190476
280	150	100
280	155	100
280	160	100
280	165	100
280	170	100
280	175	100
280	180	100
285	5	100
285	10	100
285	15	100
285	20	100
285	25	100
285	30	100
285	35	100
285	40	100
285	45	-0.347134920634921
285	50	-0.786534920634921
285	55	-1.13177777777778
285	60	-1.11338444444444
285	65	-0.9969575
285	70	-0.83492
285	75	-0.7485
285	80	-0.5282
285	85	-0.6086875
285	90	-0.770725
285	95	-1.1806
285	100	-1.1806
285	105	-1.1806
285	110	-0.81420125
285	115	-0.773312916666667
285	120	-0.77580207977208
285	125	-0.911482758784426
285	130	-0.708629240265907
285	135	-0.656089435626102
285	140	-0.593696534391534
285	145	100
285	150	100
285	155	100
285	160	100
285	165	100
285	170	100
285	175	100
285	180	100
290	5	100
290	10	100
290	15	100
290	20	100
290	25	100
290	30	100
290	35	100
290	40	100
290	45	-0.160564285714286
290	50	-0.566834920634921
290	55	-0.874122222222222
290	60	-0.966815
290	65	-0.78309265625
290	70	-0.737410513392857
290	75	-0.683518638392857
290	80	-0.561950915750916
290	85	-0.592301709401709
290	90	-0.712440598290598
290	95	-1.02879444444444
290	100	-1.06221296296296
290	105	-0.925875833333333
290	110	-0.789473958333333
290	115	-0.888503125
290	120	-0.980562668997669
290	125	-0.880678224553225
290	130	-0.745422113442114
290	135	-0.792205925925926
290	140	-0.746169814814815
290	145	100
290	150	100
290	155	100
290	160	100
290	165	100
290	170	100
290	175	100
290	180	100
295	5	100
295	10	100
295	15	100
295	20	100
295	25	100
295	30	100
295	35	100
295	40	100
295	45	-0.00886666666666668
295	50	-0.3018
295	55	-0.487105982905983
295	60	-0.634280982905983
295	65	-0.528083553685897
295	70	-0.593344680059524
295	75	-0.648035305059524
295	80	-0.648984249084249
295	85	-0.627220422852002
295	90	-0.682398925267461
295	95	-0.792278697347233
295	100	-0.730645169082126
295	105	-0.46038
295	110	-0.427410208333333
295	115	-0.662445625
295	120	-0.878778224553225
295	125	-0.855375446775447
295	130	-0.835779520849521
295	135	-0.87803
295	140	-0.9360525
295	145	100
295	150	100
295	155	100
295	160	100
295	165	100
295	170	100
295	175	100
295	180	100
300	5	100
300	10	100
300	15	100
300	20	100
300	25	100
300	30	100
300	35	100
300	40	100
300	45	100
300	50	-0.0507142857142857
300	55	-0.131805982905983
300	60	-0.265436538461538
300	65	-0.267018714387464
300	70	-0.428439715608466
300	75	-0.592775826719577
300	80	-0.723706471306471
300	85	-0.666242645074224
300	90	-0.673410036378572
300	95	-0.661845364013899
300	100	-0.501056280193237
300	105	-0.21166
300	110	-0.11820962962963
300	115	-0.426285555555556
300	120	-0.72696595959596
300	125	-0.886122502805836
300	130	-0.89170657687991
300	135	-0.886658765432099
300	140	100
300	145	100
300	150	100
300	155	100
300	160	100
300	165	100
300	170	100
300	175	100
300	180	100
305	5	100
305	10	100
305	15	100
305	20	100
305	25	100
305	30	100
305	35	100
305	40	100
305	45	100
305	50	0.1376
305	55	0.0823967948717949
305	60	-0.0234365384615385
305	65	-0.151840242165242
305	70	-0.325581481481481
305	75	-0.511787037037037
305	80	-0.69235
305	85	-0.768268713450292
305	90	-0.768247215865751
305	95	-0.663386475125011
305	100	-0.370023317230274
305	105	-0.0895059259259259
305	110	0.0359577777777778
305	115	-0.283247777777778
305	120	-0.580714444444444
305	125	-0.835193209876543
305	130	-0.84678721661055
305	135	-0.843773118686869
305	140	100
305	145	100
305	150	100
305	155	100
305	160	100
305	165	100
305	170	100
305	175	100
305	180	100
310	5	100
310	10	100
310	15	100
310	20	100
310	25	100
310	30	100
310	35	100
310	40	100
310	45	100
310	50	100
310	55	0.155419444444444
310	60	0.0495861111111111
310	65	-0.0562472222222222
310	70	-0.2353
310	75	-0.353794444444444
310	80	-0.504263580246914
310	85	-0.640711728395062
310	90	-0.70278024691358
310	95	-0.686641904761905
310	100	-0.42148758377425
310	105	-0.227696049382716
310	110	-0.101767795414462
310	115	-0.325423968253968
310	120	-0.541785873015873
310	125	-0.760432391163093
310	130	-0.808352694193396
310	135	100
310	140	100
310	145	100
310	150	100
310	155	100
310	160	100
310	165	100
310	170	100
310	175	100
310	180	100
315	5	100
315	10	100
315	15	100
315	20	100
315	25	100
315	30	100
315	35	100
315	40	100
315	45	100
315	50	100
315	55	0.197334375
315	60	0.0848638888888889
315	65	-0.0209694444444444
315	70	-0.1799
315	75	-0.230683333333333
315	80	-0.313441358024691
315	85	-0.437578395061728
315	90	-0.499646913580247
315	95	-0.546686349206349
315	100	-0.443865361552028
315	105	-0.412407160493827
315	110	-0.159203350970018
315	115	-0.227913492063492
315	120	-0.349653174603175
315	125	-0.675670927318296
315	130	-0.780288373205742
315	135	100
315	140	100
315	145	100
315	150	100
315	155	100
315	160	100
315	165	100
315	170	100
315	175	100
315	180	100
320	5	100
320	10	100
320	15	100
320	20	100
320	25	100
320	30	100
320	35	100
320	40	100
320	45	100
320	50	100
320	55	100
320	60	0.0720388888888889
320	65	-0.0337944444444444
320	70	-0.160266666666667
320	75	-0.1799
320	80	-0.194946913580247
320	85	-0.251372839506173
320	90	-0.321784691358025
320	95	-0.451833015873016
320	100	-0.511345361552028
320	105	-0.548082716049383
320	110	-0.240939858906526
320	115	-0.215027777777778
320	120	-0.311011904761905
320	125	-0.675670927318296
320	130	100
320	135	100
320	140	100
320	145	100
320	150	100
320	155	100
320	160	100
320	165	100
320	170	100
320	175	100
320	180	100
325	5	100
325	10	100
325	15	100
325	20	100
325	25	100
325	30	100
325	35	100
325	40	100
325	45	100
325	50	100
325	55	100
325	60	0.07815625
325	65	-0.0105907407407407
325	70	-0.116424074074074
325	75	-0.169418518518519
325	80	-0.1799
325	85	-0.182341025641026
325	90	-0.270789914529915
325	95	-0.460323247863248
325	100	-0.647415555555556
325	105	-0.587811111111111
325	110	-0.29933873015873
325	115	-0.252614920634921
325	120	-0.42690380952381
325	125	-0.728692857142857
325	130	100
325	135	100
325	140	100
325	145	100
325	150	100
325	155	100
325	160	100
325	165	100
325	170	100
325	175	100
325	180	100
330	5	100
330	10	100
330	15	100
330	20	100
330	25	100
330	30	100
330	35	100
330	40	100
330	45	100
330	50	100
330	55	100
330	60	100
330	65	0.0491438271604938
330	70	-0.0566895061728395
330	75	-0.144961728395062
330	80	-0.1799
330	85	-0.159880708180708
330	90	-0.235809597069597
330	95	-0.354376263736264
330	100	-0.563928888888889
330	105	-0.516844444444444
330	110	-0.510472063492064
330	115	-0.524072063492063
330	120	-0.698360952380952
330	125	100
330	130	100
330	135	100
330	140	100
330	145	100
330	150	100
330	155	100
330	160	100
330	165	100
330	170	100
330	175	100
330	180	100
335	5	100
335	10	100
335	15	100
335	20	100
335	25	100
335	30	100
335	35	100
335	40	100
335	45	100
335	50	100
335	55	100
335	60	100
335	65	0.0924993055555555
335	70	0.00215864197530864
335	75	-0.101758024691358
335	80	-0.16312962962963
335	85	-0.122147374847375
335	90	-0.141360708180708
335	95	-0.171594041514042
335	100	-0.402077530864198
335	105	-0.463784399551066
335	110	-0.595211621773288
335	115	-0.619325202020202
335	120	-0.735568125
335	125	100
335	130	100
335	135	100
335	140	100
335	145	100
335	150	100
335	155	100
335	160	100
335	165	100
335	170	100
335	175	100
335	180	100
340	5	100
340	10	100
340	15	100
340	20	100
340	25	100
340	30	100
340	35	100
340	40	100
340	45	100
340	50	100
340	55	100
340	60	100
340	65	100
340	70	-0.171656944444444
340	75	-0.31083950617284
340	80	-0.366262962962963
340	85	-0.237849206349206
340	90	-0.0947292063492064
340	95	0.0274552380952381
340	100	-0.222748641975309
340	105	-0.312585669392336
340	110	-0.371478447170114
340	115	-0.395592027417027
340	120	100
340	125	100
340	130	100
340	135	100
340	140	100
340	145	100
340	150	100
340	155	100
340	160	100
340	165	100
340	170	100
340	175	100
340	180	100
345	5	100
345	10	100
345	15	100
345	20	100
345	25	100
345	30	100
345	35	100
345	40	100
345	45	100
345	50	100
345	55	100
345	60	100
345	65	100
345	70	100
345	75	-0.533072053872054
345	80	-0.568572053872054
345	85	-0.463442857142857
345	90	-0.332842857142857
345	95	-0.218447301587302
345	100	-0.402485308641975
345	105	-0.241598917255584
345	110	-0.0357583617000284
345	115	100
345	120	100
345	125	100
345	130	100
345	135	100
345	140	100
345	145	100
345	150	100
345	155	100
345	160	100
345	165	100
345	170	100
345	175	100
345	180	100
350	5	100
350	10	100
350	15	100
350	20	100
350	25	100
350	30	100
350	35	100
350	40	100
350	45	100
350	50	100
350	55	100
350	60	100
350	65	100
350	70	100
350	75	100
350	80	-0.788475757575758
350	85	-0.704309523809524
350	90	-0.605153968253968
350	95	-0.501917671957672
350	100	-0.566662592592593
350	105	-0.179218962148962
350	110	100
350	115	100
350	120	100
350	125	100
350	130	100
350	135	100
350	140	100
350	145	100
350	150	100
350	155	100
350	160	100
350	165	100
350	170	100
350	175	100
350	180	100
355	5	100
355	10	100
355	15	100
355	20	100
355	25	100
355	30	100
355	35	100
355	40	100
355	45	100
355	50	100
355	55	100
355	60	100
355	65	100
355	70	100
355	75	100
355	80	100
355	85	-0.778802777777778
355	90	-0.7420625
355	95	-0.686077314814815
355	100	-0.638873425925926
355	105	100
355	110	100
355	115	100
355	120	100
355	125	100
355	130	100
355	135	100
355	140	100
355	145	100
355	150	100
355	155	100
355	160	100
355	165	100
355	170	100
355	175	100
355	180	100
360	5	100
360	10	100
360	15	100
360	20	100
360	25	100
360	30	100
360	35	100
360	40	100
360	45	100
360	50	100
360	55	100
360	60	100
360	65	100
360	70	100
360	75	100
360	80	100
360	85	100
360	90	100
360	95	100
360	100	100
360	105	100
360	110	100
360	115	100
360	120	100
360	125	100
360	130	100
360	135	100
360	140	100
360	145	100
360	150	100
360	155	100
360	160	100
360	165	100
360	170	100
360	175	100
360	180	100
